   2.0000000e+00   7.3843473e-01  -1.6283465e+00  -4.7916256e-01   2.8988516e-01   7.5872285e-01  -2.6956264e-01
   2.0000000e+00   7.3664889e-01  -1.1803708e+00   9.2032954e-01  -4.3577055e-01  -1.0068160e+00  -3.0314392e+00
   1.0000000e+00  -8.3910271e-01  -1.3192195e-01  -9.5790534e-02   2.5818482e-01   2.3497561e-01   1.0681578e+00
   2.0000000e+00  -2.1240378e-01   5.4844303e-01  -1.7397189e+00  -3.5725030e-01  -8.0099363e-01   2.8816933e-01
   1.0000000e+00   5.1193051e-01   2.9659319e-01   1.2908380e-01  -1.1688583e+00   4.8219176e-01   1.7996514e+00
   2.0000000e+00   1.5510250e+00   2.6101412e-01   5.3527267e-01  -9.0560862e-01  -1.6180493e+00   1.9991737e-03
   1.0000000e+00   2.3590156e-01  -1.5744249e-01  -6.7952366e-01   8.3644642e-01   6.3254637e-01  -1.0810355e+00
   2.0000000e+00   8.5565799e-01   9.0558974e-01  -1.7138974e+00  -2.4790739e-01  -7.0967302e-01   1.0579873e+00
   2.0000000e+00   1.4526697e+00  -5.3238967e-01   5.7348396e-03   3.9527150e-01   1.3799301e+00  -3.1022552e-01
   2.0000000e+00  -2.8063762e+00   3.6261452e-03   1.4144635e+00   4.7097423e-01  -1.3515792e+00  -1.4315600e-01
   2.0000000e+00  -5.5002168e-01   1.9022194e-01   1.1680467e+00   1.7804303e+00  -6.7724971e-01   9.4873222e-01
   2.0000000e+00   8.5750397e-01   1.2212572e+00  -9.0537573e-01  -1.0325918e+00   3.1589753e-01  -5.0278987e-01
   2.0000000e+00  -5.0946308e-01   1.7086621e+00  -1.1472412e+00  -1.2778723e+00   4.0678472e-01  -6.6779234e-01
   2.0000000e+00   2.3531885e+00  -5.0022071e-01  -6.4299232e-01  -7.5865401e-02  -1.2036939e+00   3.1476415e-01
   2.0000000e+00   1.1116827e+00  -5.5592468e-01  -7.9371101e-01  -1.8824111e+00  -1.8845610e+00   5.5146856e-01
   2.0000000e+00  -1.0351777e+00   1.9069849e+00   8.0023186e-01   5.7283817e-01   3.3362327e-01   5.9432454e-01
   2.0000000e+00  -3.3145049e-01  -3.3474633e-01  -6.4165108e-01   2.2738845e+00   7.6199196e-01  -1.0375980e-02
   2.0000000e+00   1.5967304e+00   1.1986490e+00   2.0928526e+00   1.4522168e+00   8.5685394e-02   3.9765305e-01
   2.0000000e+00  -9.0839206e-01   6.3952828e-01   1.3203521e+00  -2.1639954e+00   4.6874076e-01   8.4645870e-01
   2.0000000e+00  -1.4261528e-01   1.6429542e+00   3.9578946e-01  -4.5159352e-01   6.8714693e-01  -1.2249619e+00
   2.0000000e+00  -1.3886690e+00  -1.1661530e+00  -2.0826142e+00   6.0447976e-01  -1.0225513e+00   9.1785890e-01
   2.0000000e+00   3.1011087e-01   3.0716517e-01   4.6633918e-01  -4.6921852e-01  -1.0828434e+00  -4.8024739e-01
   2.0000000e+00   1.0094607e-01  -6.3475190e-01   9.5122022e-02  -1.7065356e+00  -1.5737776e+00   2.9684024e+00
   2.0000000e+00  -5.7335930e-01  -7.9165066e-01  -2.2705156e-02  -6.2849472e-01  -6.0252871e-01   7.4208051e-01
   2.0000000e+00   7.3379614e-02   2.2741871e-01  -5.8734670e-01   4.0541618e-01  -5.3379569e-01   2.5094811e+00
   2.0000000e+00  -6.0924294e-01  -1.9062215e+00  -1.6151959e-02  -1.0340021e+00  -1.1165895e+00   1.6863715e-01
   2.0000000e+00   1.7934522e+00   4.3380853e-01  -1.1227927e+00   3.9120658e-01  -1.0614075e+00   5.2508240e-01
   2.0000000e+00   1.8034533e+00   2.2650502e+00  -2.1274774e+00  -6.0569881e-01   1.6517819e-01   7.3061033e-01
   1.0000000e+00   1.0617845e+00   5.1137074e-01   9.2958823e-02   1.6097417e+00   6.3501841e-01   1.3066365e-01
   2.0000000e+00   2.2620495e+00   1.1972145e+00   8.3283412e-01   8.1920193e-01   1.6900990e+00   7.8229301e-01
   2.0000000e+00  -3.1111138e-01  -9.4187735e-01  -7.1869246e-02  -3.7262469e-01   3.4450881e-01  -7.7516945e-01
   2.0000000e+00  -2.0306216e+00  -9.3595762e-01   1.4347290e+00   1.5389239e+00  -2.3426325e-01  -4.9058740e-01
   2.0000000e+00   1.0148273e+00   1.7029932e+00   4.3555234e-01   1.5512231e+00  -4.8122621e-01   1.3322173e+00
   2.0000000e+00  -2.7287294e-01   1.4342195e+00  -1.6291592e-01   2.9909106e-01  -6.3675566e-01   2.6974241e-01
   2.0000000e+00  -6.8601581e-01   1.2830719e+00  -7.8881695e-01  -2.9926229e-01  -8.3712658e-01   1.4462454e+00
   1.0000000e+00  -1.1855036e+00  -7.7954532e-02   4.5288857e-01  -1.0993771e+00   3.3967740e-01   3.5998547e-01
   2.0000000e+00  -1.6465652e-01   4.1368437e-01   1.2746393e+00   6.7136109e-01   1.0249977e+00  -1.3751300e+00
   2.0000000e+00   2.5546335e-01   2.1801238e-01  -1.5740387e-01   2.0135174e+00   2.4916583e-01   8.0925272e-01
   2.0000000e+00   1.0512661e+00  -1.2320614e+00   7.0194392e-01   2.6633038e-01   1.7731403e+00  -2.2161356e-01
   2.0000000e+00  -9.1737156e-01  -3.0097597e-01  -7.3442432e-01   1.5872781e+00  -1.0435667e+00   6.2265345e-01
   2.0000000e+00  -6.9634686e-01  -6.7437472e-03   8.4045156e-01   2.5284881e+00  -9.9840858e-01  -6.1735824e-01
   2.0000000e+00  -2.1953970e+00  -5.4222941e-01  -7.9120533e-01  -1.9470931e+00  -1.2267340e+00   3.5835480e-01
   2.0000000e+00   1.4214863e+00   9.8872582e-01  -8.0745351e-02  -7.8563763e-01   1.8998996e-01   1.1226951e+00
   1.0000000e+00  -9.2992834e-02  -8.8121700e-01  -3.1380217e-01   1.5944129e+00   2.0001956e-01  -5.3695447e-02
   2.0000000e+00  -6.3395868e-02   2.8436204e-01  -8.8096261e-01  -2.9787714e-01  -2.8351094e-01   2.9246597e-01
   2.0000000e+00   7.5163239e-01  -8.1252530e-02   1.0354003e+00   1.4946695e+00  -5.0431956e-01  -2.7268181e-01
   2.0000000e+00  -2.5506122e-01   9.3288233e-01  -1.0224921e+00  -9.9204113e-01   1.2744028e+00   1.0532606e-01
   2.0000000e+00   5.0383263e-01   1.2261119e+00  -1.8691879e-01  -1.0917667e-01  -7.2869766e-01   3.9281167e-02
   2.0000000e+00   3.1566138e-01   6.6966916e-01   1.7382566e+00  -1.4477542e+00   8.3034901e-01   3.0278014e-01
   2.0000000e+00  -1.5277882e+00  -1.7052556e+00  -2.0781072e+00  -1.7804554e-01   2.0045315e+00  -1.4733873e+00
   2.0000000e+00  -9.2259181e-01   1.1201896e+00  -2.0748830e-03   1.8000578e-01  -1.2647556e+00  -1.1935635e+00
   1.0000000e+00   1.1689564e-01   5.2090869e-01   1.8878029e-01  -7.4436782e-02   3.6434724e-01   5.2340648e-01
   2.0000000e+00   2.0201887e+00   1.2701953e+00  -6.5382093e-01  -1.2031892e+00   3.1345345e-02  -7.4043618e-01
   2.0000000e+00   2.2653631e-01  -1.5102932e+00   8.7324712e-01   4.6909556e-01  -1.3493851e+00   1.4947857e+00
   2.0000000e+00  -2.1519542e+00   7.2811233e-02   3.2780134e-02   1.1027758e+00   1.0918229e+00   8.7702353e-01
   2.0000000e+00   8.2617264e-01  -3.8283915e-01  -5.9023151e-01  -8.7635423e-01   1.0445726e+00  -1.3268452e+00
   2.0000000e+00   3.1809575e-01   5.7950696e-02   1.6889384e+00  -9.1218775e-01   1.1701675e+00   5.1410789e-01
   2.0000000e+00   1.5002105e+00   1.9356495e+00   5.5565880e-01   1.0095041e-01  -1.9125500e+00  -1.8035114e-01
   2.0000000e+00   1.0245827e+00  -1.8399600e+00  -8.9496922e-01  -3.0491539e+00   6.5272198e-01   1.1353098e+00
   2.0000000e+00   9.3220528e-01   8.3253713e-01  -6.4416252e-01  -1.4272327e+00  -2.8394490e-01   5.8714747e-01
   2.0000000e+00  -1.8389008e-01   5.5276849e-01  -2.1138994e+00   1.1142894e+00  -2.0033254e+00  -5.6530318e-01
   1.0000000e+00   2.3657479e+00  -5.7706131e-02  -5.7383025e-01  -6.8961695e-02   4.9689484e-01   1.4835741e+00
   2.0000000e+00   3.5360474e-01   1.4332872e-01   9.3702957e-01   4.4222786e-02  -6.4576445e-01  -2.7195645e-01
   2.0000000e+00  -7.4151396e-01   7.6674587e-01   5.3483435e-01  -5.9826914e-01  -8.0870735e-01  -2.3488704e-01
   2.0000000e+00   4.6341228e-01  -3.2536261e-01  -3.2395830e-01  -3.1636037e-01  -1.2290516e+00  -1.1037842e+00
   1.0000000e+00   3.9006383e-01  -8.3934920e-01   7.3500089e-01   9.4539571e-01   4.1492247e-02   7.0148962e-02
   2.0000000e+00   7.5972126e-03   4.3490265e-01   1.6436016e+00  -4.9050031e-01  -2.3586247e-01   1.7059293e+00
   2.0000000e+00  -8.1317062e-01   4.5184587e-01   1.7747424e+00   1.9561049e-01  -1.9106646e+00   1.1843729e+00
   1.0000000e+00  -9.1237344e-01  -7.4229048e-01   1.0579115e+00  -2.2592902e-01   9.7849913e-02  -6.0938637e-02
   2.0000000e+00   1.2881241e+00  -1.7756799e+00  -5.8389911e-01   5.6377437e-01   4.2188627e-01  -3.1643644e-01
   2.0000000e+00   6.8319940e-01   1.4303161e+00  -3.1506995e-01   1.8941242e-01   4.5307126e-01   3.4059475e-02
   2.0000000e+00   5.8200985e-02   1.0120244e-02   2.3996587e+00  -8.7190776e-01  -8.0361526e-02   1.6938654e+00
   2.0000000e+00   4.8085342e-01   9.1165385e-01  -8.9615782e-01   4.7189477e-01  -2.7947952e-01   5.9778667e-01
   2.0000000e+00  -4.3519138e-01  -1.3228516e-01   4.2939702e-01  -1.3564510e+00  -1.2050143e-01   6.7015145e-01
   2.0000000e+00  -2.0928432e+00   6.4821195e-01  -2.8414427e-01   2.9843295e-01  -1.4699249e+00  -8.5765922e-01
   2.0000000e+00   6.7498235e-01   1.0029454e+00   1.4363046e+00  -1.0453493e+00   2.0443009e+00   1.9092744e+00
   1.0000000e+00  -7.3236643e-01  -1.2780486e-01   8.0648014e-01   1.9213852e-03   9.2964988e-01  -9.3696647e-01
   2.0000000e+00  -9.8371883e-02  -6.8306328e-01  -1.0188623e-01   7.5503799e-01  -4.7020107e-01  -1.7299042e-01
   2.0000000e+00  -4.4870755e-01  -1.1966273e-01  -8.2904130e-01   1.5480916e+00   1.2828067e+00  -5.2575713e-01
   2.0000000e+00  -3.5315754e-02   2.9684315e-01  -5.5991107e-01   5.7615399e-01  -1.2441496e+00   1.0340927e+00
   2.0000000e+00  -1.2583925e+00   3.8172299e-01   5.9810903e-02  -7.5700613e-02   2.0174740e+00  -8.9562221e-01
   2.0000000e+00   1.0679562e+00  -1.2132022e+00  -2.0388800e+00  -1.2822884e+00  -2.3662574e+00  -1.4927928e-01
   1.0000000e+00   1.4902913e-01   6.6944091e-01  -5.4328042e-01  -1.5604149e+00   5.6612450e-01  -3.4408406e-01
   2.0000000e+00  -6.2694588e-01  -7.8460088e-01  -7.5883922e-01  -6.3775294e-01  -1.0375496e+00   9.8068918e-01
   2.0000000e+00   4.9459597e-01   8.9019405e-01  -9.3676695e-01  -1.0230217e+00  -1.9456594e+00  -3.6305991e-01
   2.0000000e+00  -1.3203439e+00  -1.1168661e+00   1.9516818e+00   6.1395345e-01  -6.4134815e-01   1.8480032e-01
   2.0000000e+00  -3.9574910e-01   1.6395708e+00   1.9667628e+00  -3.8859758e-01   2.1728970e+00  -5.9886616e-01
   1.0000000e+00   3.0625159e-01  -6.1308169e-02  -1.0885335e+00   3.8679820e-01   8.7414000e-01   1.6847054e+00
   2.0000000e+00  -6.5063314e-01   1.6550108e-01   4.1128631e-01  -2.1432319e+00   1.0640885e-01  -2.7574757e-01
   2.0000000e+00  -7.8966002e-01   5.3931363e-01  -1.9568444e-01   1.2768195e+00  -5.1758660e-01  -3.0224597e-01
   1.0000000e+00  -1.3303390e-01   5.6081075e-01   1.3135891e+00   1.6720080e-01   2.2180739e-01  -5.2679025e-01
   2.0000000e+00  -1.4010760e+00  -9.0909344e-02   8.3647455e-01   1.0721335e-01  -1.3493450e+00  -1.2837968e+00
   2.0000000e+00  -6.6918794e-02  -3.2858408e-02   1.5159198e+00  -6.9471615e-01   1.0455882e+00  -4.2138086e-01
   1.0000000e+00   8.1586181e-01   4.5257119e-01   1.9489504e-01   9.9456391e-01   5.3887727e-02  -1.5152417e-01
   2.0000000e+00  -4.9200390e-01   5.8610670e-01   7.3489071e-01   4.8961884e-02  -1.5111938e+00   3.7395859e-01
   1.0000000e+00  -5.7037175e-01   8.2619795e-02   9.3990593e-01  -1.4742082e+00   7.2248189e-03   1.5221947e+00
   2.0000000e+00  -9.0664647e-02  -1.5438517e+00  -5.8256874e-01  -1.0286033e+00  -1.2462548e-02   3.0156857e-01
   2.0000000e+00   9.6093893e-01  -5.7798066e-01  -1.2411754e+00  -1.9355769e+00  -2.1846401e-01  -8.9657790e-01
   2.0000000e+00   1.4830326e+00  -1.4387033e+00  -1.9214985e+00   9.0232557e-01   4.1659228e-01  -5.8606869e-01
   2.0000000e+00  -2.0733176e-01  -8.4320703e-01   1.3650228e+00   4.7347710e-01  -2.9283769e-01  -1.5565070e-01
   2.0000000e+00  -1.6682832e+00   7.6000834e-01  -2.2184643e-01   5.4473028e-03  -5.2071424e-01   2.0054230e-01
   2.0000000e+00   1.1510101e+00  -3.0933795e-01   2.1013684e+00  -1.2486646e+00  -1.0234685e+00  -2.5820776e+00
   2.0000000e+00  -8.0423558e-01   1.2766632e+00  -1.0420945e+00   1.5906211e+00  -9.1037046e-01  -1.6193719e+00
   2.0000000e+00  -3.8240813e-01   1.8934469e+00  -6.9315541e-02   4.2711738e-01  -5.2744339e-01  -2.8637671e-01
   2.0000000e+00   1.5928659e+00   5.9962976e-02   1.2221575e+00   9.0825301e-01  -7.3752991e-01   8.6498787e-01
   2.0000000e+00  -4.9168233e-01   1.1706697e-01   2.7150696e-01   9.3674942e-01   1.1382015e+00  -2.4132307e-01
   2.0000000e+00   2.1235632e+00  -6.3754089e-01  -1.3390487e+00   1.3339921e+00  -8.7316264e-02  -2.7237910e+00
   2.0000000e+00   6.0209485e-01   7.6105637e-01  -5.0309166e-01   7.2095888e-01  -1.2046853e-01  -1.1721467e+00
   1.0000000e+00  -5.3365201e-01  -6.1608474e-01  -3.8933488e-01   1.3380281e+00   3.6006254e-01   1.8818570e+00
   1.0000000e+00  -1.1254853e+00  -1.7803248e-02  -6.9827736e-01   3.0684854e-02   3.2803039e-01   7.6459501e-01
   2.0000000e+00  -9.0454630e-01   1.2856132e-01  -7.0841823e-01   6.0977536e-01  -2.0168604e-01   1.5266034e+00
   1.0000000e+00   5.3853326e-02  -5.5767954e-01   6.0325345e-01   3.6490642e-01   8.2117801e-01   4.8642801e-01
   2.0000000e+00  -2.8723320e-01   6.4507845e-01   1.7879083e+00  -8.0978021e-01   9.3193577e-01  -2.8450785e-01
   1.0000000e+00  -7.4742132e-01  -1.9989945e-01  -1.7806083e-01  -5.6636830e-01   7.6138563e-01   2.3704573e-01
   2.0000000e+00   2.0647383e+00  -5.5815082e-01  -1.6967895e-01   2.4253334e+00  -2.1489529e+00  -1.3404189e+00
   2.0000000e+00  -1.9544978e+00  -1.1929567e-01  -4.2313905e-01  -3.3753701e-01  -7.9236464e-01  -1.8563784e-01
   2.0000000e+00   4.7917821e-03   9.1296902e-01  -7.6873319e-01   1.3071608e+00   1.4695711e+00   1.0718261e+00
   2.0000000e+00   1.7759478e+00   1.4555587e+00  -3.9043976e-01   1.7022169e+00  -8.9622807e-02  -4.4518434e-01
   2.0000000e+00   8.3838236e-01   8.0434687e-02  -1.8010540e-01  -7.5618029e-01  -1.1157794e+00   1.0646192e-01
   2.0000000e+00  -4.8534612e-01  -5.1056155e-01  -1.8985231e-01   1.2408714e+00  -4.2383962e-01  -1.7339143e+00
   2.0000000e+00  -3.1818601e-01  -1.2586495e-01  -1.9614288e-01  -6.2634279e-01  -3.8042489e-01   1.7578574e+00
   1.0000000e+00   3.8881251e+00   5.6561845e-01  -1.7497916e+00   1.2589383e+00   5.5660325e-02  -4.0263301e-01
   2.0000000e+00   1.5458962e+00  -6.0490609e-01  -5.4562528e-01   9.2687049e-01   1.4529850e+00   1.2377489e+00
   2.0000000e+00  -8.2219512e-01   1.5655631e+00   7.5348528e-01   3.3008255e-01  -2.2742223e+00   1.2387177e+00
   2.0000000e+00   8.2222043e-01  -1.0674536e+00  -1.0622613e+00  -8.4705962e-01   1.0022083e+00  -2.6410141e-01
   2.0000000e+00   7.9789337e-01  -2.0515396e+00   1.0675445e+00   4.7586372e-01   6.2999856e-01  -1.4203259e+00
   2.0000000e+00  -7.1018364e-01  -1.3893525e-01  -1.2603245e-01  -5.2745930e-01  -8.0781690e-01  -9.9845739e-02
   2.0000000e+00   6.3168539e-01  -6.8837881e-01   1.6270655e+00  -6.3501679e-01  -5.7185579e-01   9.2818333e-01
   2.0000000e+00  -1.1929173e+00   1.3211076e-01   7.1064936e-01  -2.1783023e+00   8.6287520e-01  -9.0346482e-01
   2.0000000e+00  -2.8710434e-01  -2.6376441e+00   9.8964411e-01   8.8521690e-01   2.4589945e-01  -4.3423190e-01
   1.0000000e+00  -1.0563710e+00  -5.3067317e-01   6.9127857e-01   1.6015403e-03   6.1433636e-01   5.4374342e-02
   2.0000000e+00  -1.2636007e+00   5.3238319e-01  -2.2202979e+00  -9.6312705e-01  -1.4578899e-02   1.0315358e+00
   2.0000000e+00   2.0991973e-01  -5.3646385e-01   1.0428965e+00   4.1532800e-01  -2.1428749e+00   2.3439164e-01
   2.0000000e+00  -1.3580534e+00  -2.0461830e+00  -7.8678163e-01  -1.6524494e-01   1.2581085e+00   5.6504708e-02
   1.0000000e+00  -1.0082287e+00   4.2498428e-01   1.5069918e-01  -1.9350197e+00   3.0385645e-02   1.6880074e+00
   2.0000000e+00   3.0287070e-01   7.9530506e-01   5.7872032e-01   6.3574670e-01  -1.0585387e+00   1.3023644e+00
   2.0000000e+00   9.2560889e-01   5.4965405e-01  -1.1088112e+00   6.8402466e-01  -2.0843726e-01   8.6739594e-01
   2.0000000e+00   5.6888805e-01   4.6517550e-01   5.1556417e-02  -1.8650318e-01   9.9313569e-01   3.9145605e-01
   2.0000000e+00   5.2336760e-01  -1.8968074e+00  -2.1376678e+00  -4.9023813e-01   7.5498130e-01   2.8793298e-01
   2.0000000e+00  -1.2782154e-01  -2.5589023e-01  -3.7248175e-01   2.0450002e+00   1.1656089e+00  -1.9095643e+00
   1.0000000e+00   2.2147707e-01   3.7193434e-01  -1.2673070e+00   2.5085000e-01   3.8777658e-01   2.0989999e+00
   1.0000000e+00  -3.4353797e-01  -3.1887004e-01  -3.3183850e-01   2.0404650e-01   1.9171470e-01  -1.2291741e+00
   2.0000000e+00  -2.0216625e+00   1.0612743e+00   8.6985882e-01  -4.6054610e-01  -2.3113012e+00  -1.0065487e+00
   2.0000000e+00   1.4616697e-01   1.3709146e+00   7.7124963e-01   7.2545641e-02  -2.3857286e-01   6.4251445e-01
   2.0000000e+00   3.6259499e-01  -4.9032601e-01   2.4160973e-01   8.1035488e-01  -5.1196470e-02  -4.3454619e-01
   2.0000000e+00   1.1551950e+00  -1.6197838e+00  -7.8992706e-01  -7.8846677e-01  -4.9319912e-01   1.2987399e+00
   2.0000000e+00   1.2835832e+00   1.1127920e+00  -2.3900467e-01  -3.1914868e-01  -1.3132199e+00  -8.6194330e-01
   2.0000000e+00   1.2117259e-02  -8.7898202e-01  -9.3924375e-01  -4.5410274e-01   1.4976749e+00  -6.8741256e-02
   2.0000000e+00   1.5686308e+00  -1.7447927e+00  -6.5966704e-01   3.2408686e-01   2.2957376e-01   9.9822792e-02
   2.0000000e+00  -4.8147279e-01  -1.6877154e+00   9.3345596e-01   2.2414648e-01   1.3651637e-01   5.6933369e-01
   2.0000000e+00   3.7225889e-01   2.0792439e+00   1.3064018e-01   8.6139700e-01  -7.1088332e-01  -5.9282747e-01
   2.0000000e+00  -9.8067195e-01  -1.0235174e+00  -6.7316943e-01  -6.2020644e-01   4.4069618e-01  -9.3078499e-01
   1.0000000e+00  -5.4200849e-02  -6.8314682e-01  -2.7185797e-01  -3.3829712e-01   6.3223534e-01  -1.4266196e-01
   2.0000000e+00   8.6951258e-01  -1.2995957e+00  -9.8184742e-01  -2.0881100e+00  -1.1854215e+00  -3.7466844e-01
   2.0000000e+00   8.1590489e-01  -5.1845679e-01   1.1581073e+00   3.0995513e-01  -8.2522010e-01  -1.7607196e+00
   2.0000000e+00  -1.3802233e+00   8.5191397e-01   1.0422091e+00  -8.8073020e-01  -4.1667277e-01  -5.5563239e-01
   1.0000000e+00  -7.3862056e-01   5.3393260e-01   3.0153518e-01   1.2157037e+00   5.4478654e-01   1.0727521e-01
   2.0000000e+00  -8.1988753e-02  -1.3886735e+00  -1.2674568e+00   1.8006602e+00   6.5821963e-02  -1.8182386e-01
   2.0000000e+00  -1.6049079e+00  -1.8867723e+00  -2.6152041e+00   1.2783590e+00   1.7666876e-01  -9.9800180e-01
   1.0000000e+00  -1.2869929e+00  -1.3257244e-01  -1.4631171e+00  -6.9177035e-01   5.7663360e-01  -2.0373609e-02
   2.0000000e+00  -4.9655303e-01   4.4385433e-01   1.3988408e+00   5.9194043e-01  -1.5041582e+00  -1.0492696e+00
   2.0000000e+00   5.1344233e-01  -7.8481558e-01   5.9350533e-01  -6.7161094e-01  -1.2988389e+00   3.0557045e-01
   2.0000000e+00  -1.0183579e+00  -7.3738895e-01  -1.3335498e+00   1.5303157e+00  -9.5420608e-01  -1.1140842e-01
   2.0000000e+00  -3.9231575e-01   1.7985458e+00  -9.7897865e-02  -1.2848532e-01   6.0362373e-01  -1.2866153e+00
   2.0000000e+00  -2.6558723e-01  -2.1571618e+00  -2.2303433e+00  -4.5940191e-02  -2.3944421e-01  -6.6743493e-01
   2.0000000e+00   1.3678199e+00   1.3264206e+00   3.3027194e-01  -9.3897989e-02  -1.1667770e+00   9.6822049e-01
   2.0000000e+00  -4.7547311e-01  -3.6851702e-01  -6.5320108e-01  -1.4866660e+00  -9.5201518e-01  -1.8714834e+00
   2.0000000e+00   3.3416911e+00   1.1916689e+00  -8.6931087e-01  -1.2227033e+00   1.5146677e-01  -9.6999354e-01
   2.0000000e+00   1.1541450e+00   1.8380020e+00   6.2923165e-01  -2.9915305e+00   1.3760080e+00  -4.5094531e-01
   1.0000000e+00   5.6496892e-02  -4.1876753e-01  -4.6772462e-01   1.3332604e+00   2.8292354e-01  -1.3048647e+00
   2.0000000e+00   8.5500181e-01   6.0760008e-01   4.2256757e-01  -4.3436768e-01  -1.1621440e+00  -2.0728907e-02
   2.0000000e+00  -1.6511599e-01   1.2889374e+00  -1.3235448e-01  -1.5171227e+00  -7.3626291e-01   2.3175014e-01
   2.0000000e+00   1.1363007e+00  -3.9242371e-01   5.6624861e-02  -8.4595001e-01  -4.6952531e-02  -2.2563840e-01
   2.0000000e+00   6.9296628e-01   1.3446177e+00  -7.5164878e-01   1.1572738e+00  -7.5826809e-01   7.1400433e-01
   2.0000000e+00   1.4392741e+00   3.7352944e-01   1.4755649e+00  -2.0846728e-01  -5.6423053e-01   1.4434810e+00
   1.0000000e+00  -5.4813871e-02   1.3187789e-02   1.1562328e+00  -3.4659273e-01   1.7921812e-01  -1.2028906e+00
   2.0000000e+00  -1.0931246e-01  -7.4152883e-01   3.7682534e-01   1.0395284e+00  -3.0584261e-02   5.3188692e-01
   2.0000000e+00   3.7957381e-01   9.6110777e-01  -5.4718958e-01  -4.6375409e-01   5.6544248e-01   7.4690970e-01
   2.0000000e+00   4.3002854e-01   1.6668782e+00  -1.6736272e+00   6.0429539e-01   1.8769162e+00  -1.7503920e+00
   2.0000000e+00   6.0616004e-01  -2.3393915e-01   2.2077484e+00   3.9812878e-01   1.5718432e+00   4.3764191e-02
   2.0000000e+00   1.2706126e+00  -3.5313182e-01  -8.2072243e-01  -2.1064945e+00   4.0102234e-01  -1.4456121e-01
   1.0000000e+00  -3.4668911e-01  -4.3733382e-01   2.5471165e-01   6.9250950e-01   7.7595086e-01   9.5750974e-01
   2.0000000e+00  -6.6508733e-01  -7.2668526e-01  -1.9319324e+00   7.4254316e-01   1.8479357e+00   3.5872520e-02
   2.0000000e+00   9.2644468e-01  -1.1399394e+00   1.3109183e+00  -2.1248381e-01   5.8586933e-01  -2.5069475e-01
   2.0000000e+00   1.0650683e-02   4.8319604e-02   2.8576656e-02   7.6201747e-01  -2.6452192e-01   1.6143076e+00
   2.0000000e+00   1.7507361e+00  -2.4168016e+00   7.6167886e-01   1.9532803e+00  -6.3099684e-01   1.1212377e+00
   1.0000000e+00  -6.6906093e-01   4.1905166e-01   6.5939924e-02  -4.2804005e-01   1.7369494e-03  -5.3586765e-01
   1.0000000e+00   5.8850462e-01   4.0008086e-01   3.6834694e-01   1.4089184e-01   5.3335763e-01  -2.5408680e+00
   2.0000000e+00  -3.3867792e-02  -7.2308802e-01  -1.7634399e-01   1.9159444e+00  -7.9516005e-01  -9.5247637e-02
   2.0000000e+00   8.5126860e-02   2.6157871e+00   7.8345017e-01   7.6023844e-01  -1.1833695e+00  -1.2155772e+00
   1.0000000e+00  -1.2767648e+00  -8.1268617e-01  -5.7254649e-01  -1.4331302e+00   3.6946123e-01   9.8678953e-02
   2.0000000e+00   8.0072860e-01   1.1437138e-01  -1.0144789e+00   4.5956103e-01   1.7174832e+00   1.0591790e+00
   2.0000000e+00   7.7612033e-01  -1.6383331e+00  -8.2731871e-01   2.8309256e-01   2.0886595e-01   1.1267443e+00
   2.0000000e+00   1.8085824e+00  -1.8926984e+00   1.5416524e+00  -2.4700487e-01  -7.8355621e-01  -1.3335524e+00
   2.0000000e+00   6.6548990e-01  -1.9543561e-01   1.9641035e+00  -8.2128661e-02  -4.0156953e-01  -5.9090881e-01
   2.0000000e+00  -8.9549195e-02   1.6354437e+00  -8.3597585e-01  -1.0181733e+00  -2.9011966e-02  -1.3448232e+00
   2.0000000e+00   1.7482864e+00  -6.9255632e-01  -8.3770231e-01  -2.2216395e-01   1.3928562e+00  -3.2314898e-01
   1.0000000e+00   2.7708114e+00  -4.5432484e-01   1.9532487e+00  -6.2770569e-01   5.6446533e-01  -1.1396085e+00
   2.0000000e+00  -6.7570130e-01   6.3028576e-01   6.3868684e-01  -4.5213430e-02   1.1891932e+00   4.0521821e-01
   1.0000000e+00  -8.9412442e-01  -4.9880063e-01   1.4345253e+00  -1.1501625e+00   8.3539393e-01  -7.3107684e-01
   2.0000000e+00  -1.3118624e+00   1.1854055e+00   2.0593882e-01  -9.4139051e-01  -7.5459689e-01  -1.8989808e-01
   2.0000000e+00   1.5499694e-01   2.8113615e-01   6.0315353e-01  -2.5308844e-01  -1.8345772e+00   8.0912277e-01
   2.0000000e+00   2.4128151e-01   1.3584614e+00  -1.7918641e-01  -6.0941551e-01  -1.0311699e+00  -1.3266522e+00
   2.0000000e+00  -2.8620646e-02  -4.7261725e-01   2.1123325e-01  -3.4507897e-01   9.5663057e-01   5.7153280e-01
   2.0000000e+00   7.0689155e-01  -1.0171615e+00  -4.9505176e-01  -2.2130422e-01   3.7706162e-01   1.7530849e+00
   2.0000000e+00  -1.8945595e+00  -2.1086772e+00   3.0046019e-01   3.5023736e-01  -9.9505025e-02   6.0847631e-01
   1.0000000e+00   1.4438330e+00   1.8042372e-01   2.7903798e+00   9.8630449e-01   6.6420483e-01   9.9026618e-01
   2.0000000e+00  -2.2449815e+00   6.6821003e-01  -1.8390657e+00  -9.3202448e-01  -1.0639985e+00  -1.3013488e+00
   2.0000000e+00  -7.9128992e-01   2.0439663e+00  -1.6255866e+00   2.2551870e-01   3.9752973e-01   1.8435192e+00
   1.0000000e+00   3.3747881e-01   1.4658221e-01   1.3346463e+00   7.8811945e-01   4.9794179e-01  -9.1652687e-01
   2.0000000e+00   8.6901073e-02   9.3587682e-02   4.4024208e-01  -1.5805278e+00  -4.1825857e-01  -5.4234598e-01
   2.0000000e+00  -2.3015139e+00  -1.2558011e+00  -5.2013609e-01  -4.3904115e-01  -1.3049907e+00   8.8841835e-01
   1.0000000e+00   1.2616995e+00  -7.5436564e-01   1.4795596e+00   3.5641022e-01   5.5426494e-03  -1.7936189e-01
   1.0000000e+00  -1.1018955e+00   5.6137501e-01   6.6067867e-01  -2.1803772e-02   8.7482146e-03   2.3241326e-01
   2.0000000e+00   1.2430299e+00   2.2407581e+00  -2.5190389e-01  -1.0170956e+00   1.7748729e+00  -6.5309078e-01
   2.0000000e+00  -2.4281792e-01   4.5273075e-01   1.3141203e+00   3.2820228e-01  -1.1020509e+00   1.1241707e+00
   2.0000000e+00   6.0361437e-01   8.7238429e-01  -3.4859136e-01  -9.3408691e-01   1.4159964e+00   9.7075657e-01
   2.0000000e+00  -1.5227575e-01   2.5389165e+00  -6.6874375e-01   7.4379833e-01  -2.1892285e+00   9.7264920e-01
   2.0000000e+00  -5.5266964e-01   4.5328429e-01  -8.7365106e-01  -5.2350695e-01   1.0827772e+00  -1.1278090e-01
   1.0000000e+00   9.9550407e-01   5.3448927e-01  -1.0270929e+00  -1.9661578e-01   5.5304840e-01   2.3823029e-01
   2.0000000e+00  -6.4219703e-03  -1.2690312e+00  -1.5643218e-01  -3.3417891e-01   1.7088786e+00   1.7948862e+00
   2.0000000e+00   1.9133071e-01   4.3749013e-01  -1.2476792e+00  -1.1962527e+00  -1.6027144e+00   2.8086644e-01
   2.0000000e+00   2.9954089e-01   9.9519484e-01  -1.0544845e+00  -2.1545490e-01  -5.8855771e-01   4.0240723e-01
   2.0000000e+00  -4.8336185e-01   1.5415004e+00  -1.8859802e+00  -3.4475913e-01  -6.6411061e-01  -5.1113535e-01
   2.0000000e+00  -3.9651301e-01  -9.5155468e-01   1.5370235e+00  -1.7235363e-01  -1.6084975e+00   2.2327868e-01
   2.0000000e+00  -5.9629259e-01  -5.2280130e-01   2.4421477e+00   3.3262247e-01  -7.3353028e-01  -1.3499704e-01
   2.0000000e+00   1.1992805e+00   1.4534002e+00  -7.6337250e-01  -8.2107494e-01   3.6052034e-01  -3.6082001e-01
   2.0000000e+00   1.8577975e+00  -9.4622829e-01  -1.9927368e-02  -1.6156713e+00   8.3707434e-01  -7.6243078e-01
   2.0000000e+00  -3.7996216e-01  -1.4605262e+00  -1.6607669e-01  -1.7131723e-01   2.8316929e-01  -6.9239214e-01
   1.0000000e+00   1.8750579e+00  -2.7713782e-01  -2.7729838e+00  -3.5581454e-01   3.9717865e-01  -3.3357813e-01
   2.0000000e+00  -1.0112643e+00   5.8648509e-01  -1.1631538e-01   1.5698523e-01   1.4062713e+00  -1.6582032e-01
   2.0000000e+00  -2.5389274e-01  -1.5327491e-01  -6.7272688e-01   1.2375502e+00  -7.2548272e-01  -6.5601823e-01
   1.0000000e+00  -1.5813069e+00  -9.0590877e-01  -1.5821076e+00  -9.6441386e-01   6.2941693e-02  -1.2197504e+00
   2.0000000e+00  -1.3873145e-01   1.5622674e+00   7.5473810e-02   5.3144353e-01   1.0962420e-01   9.4995644e-02
   2.0000000e+00   2.1138782e+00   5.0458533e-01  -2.7816104e-01   1.4721722e+00   1.2392095e+00   1.2169631e+00
   2.0000000e+00  -3.0382464e-01   2.0746925e+00  -5.8056488e-01   1.2257447e+00  -1.6271520e-01   9.3831921e-01
   2.0000000e+00  -4.5451110e-01   1.1838609e+00  -1.9044336e-01  -2.4680778e-01   5.1968574e-01   1.2669569e+00
   2.0000000e+00   5.4899779e-01  -4.8565690e-01  -5.1377795e-01  -8.2240152e-02  -3.6256791e-01   5.9413457e-02
   2.0000000e+00  -1.7781978e+00  -3.4616459e-01  -1.0191635e+00   1.1249122e-01   1.1190185e+00   6.9486662e-01
   2.0000000e+00   2.4681722e-01   1.5239620e+00   5.2456209e-01  -6.2116992e-01   9.3049536e-01   1.6572002e-02
   1.0000000e+00   2.2385052e-01   3.9092597e-01  -9.4430963e-02   1.4775427e+00   5.8298249e-01   1.0479211e+00
   2.0000000e+00  -1.1614565e+00  -1.2881107e+00  -7.7057610e-01   1.9037502e+00  -2.0687945e-01   2.3791288e-01
   2.0000000e+00  -1.3537213e+00  -1.3446691e+00  -3.7577088e-01   1.6023933e-01  -1.3800622e+00  -5.0707580e-02
   1.0000000e+00   5.7921745e-02   1.9401422e-01   9.8531738e-01   6.0744509e-01   3.8787938e-01  -4.4148052e-01
   2.0000000e+00  -4.5890148e-01   1.3688838e-01   2.4297208e+00  -1.9407155e+00   8.0950722e-01   1.4843513e-01
   2.0000000e+00   1.8034348e-01  -5.6359477e-02   5.4002125e-01   4.0881203e-01  -2.6246162e-01  -6.0523037e-01
   2.0000000e+00   7.6803104e-01   8.5185275e-01  -1.2258484e+00   1.7460015e-01  -7.7181679e-01   9.4012292e-01
   2.0000000e+00  -4.8813565e-01   1.9989623e-01   1.1911998e-01  -1.0638981e+00  -1.4512970e+00   3.7884277e-01
   2.0000000e+00   2.1117041e-01  -7.7474635e-01   1.5576803e-01   4.7497665e-01  -1.3857218e-01   1.1346144e+00
   2.0000000e+00  -9.1750130e-02  -8.2305232e-01   8.6551873e-01   5.0579367e-02   9.8435588e-01   7.5330033e-01
   2.0000000e+00   1.3236073e+00  -3.3088932e-01   4.4686422e-01   5.5951510e-02  -2.2006045e-01  -8.9126907e-02
   1.0000000e+00   5.5477897e-01  -1.8334469e-01  -7.4473417e-01   2.1386053e-01   1.4335169e-01  -2.5416423e-01
   2.0000000e+00  -3.9440823e-02   1.6458721e+00  -1.0296496e+00   5.0086364e-02   1.2312916e+00  -1.5001210e-01
   2.0000000e+00   3.1360260e-01   3.1235927e-03   3.9803138e-01   1.1465167e+00   1.6052905e+00   4.9075838e-01
   2.0000000e+00  -4.8459372e-01   1.0989723e+00   1.2582783e+00   9.0156455e-01  -5.9786545e-01   5.6096104e-01
   2.0000000e+00   7.4538584e-01  -1.4601538e+00   9.3602616e-01  -1.7858009e+00   2.3990061e-01   2.2317093e+00
   2.0000000e+00  -1.4681105e+00   7.2011485e-02   2.7036784e-01  -6.6856470e-01  -1.7606219e+00   5.0921810e-01
   2.0000000e+00   1.5179587e+00   7.3896278e-01  -6.3374327e-01   7.3900006e-01   1.0134934e+00  -6.9559428e-01
   2.0000000e+00   2.0084358e-01   1.6446597e+00   2.0293490e-02   1.0242307e+00  -7.2997594e-01  -3.9667870e-01
   1.0000000e+00   4.4093938e-01   2.6649580e-01   1.1252754e+00   3.1976189e-02   5.4645171e-01  -3.5913208e-01
   2.0000000e+00  -1.3012500e+00  -1.4752427e+00  -5.2401816e-02  -2.7768300e-01  -4.1496444e-01  -1.4849527e+00
   2.0000000e+00  -5.5727950e-01  -1.0614145e+00   2.0406483e+00   4.3331797e-01  -7.8503269e-01   4.8960695e-01
   2.0000000e+00  -2.0863024e+00  -1.7254594e+00  -1.3991728e+00   1.3845252e+00   7.9320210e-01   1.1919654e+00
   1.0000000e+00   1.8919001e-01  -6.3442374e-01   3.8718451e-01  -8.0810437e-01   5.0228021e-01   1.3005384e+00
   2.0000000e+00   1.4115333e-01  -1.2970881e-01  -5.8244039e-01  -9.3602195e-01  -8.4763203e-01   9.6575506e-01
   2.0000000e+00   8.3758250e-02   1.6009636e-01  -2.1024301e+00  -7.8907608e-01  -2.2267401e-01  -6.8882839e-02
   1.0000000e+00   6.3450105e-01   5.3246010e-01  -7.2054319e-01  -9.6318593e-02   1.7624357e-01  -1.8568137e+00
   2.0000000e+00  -1.1061678e+00  -1.6482187e-01  -2.7787317e+00   9.2416120e-01   1.1518035e+00   1.3855088e+00
   2.0000000e+00   9.7800828e-01  -3.9590255e-01  -5.6133814e-02   1.1573038e+00  -1.8268507e+00  -4.8509938e-01
   1.0000000e+00   1.0369453e+00  -8.1321934e-02   1.1856896e+00   5.2453032e-01   1.3121876e-01   8.6700976e-01
   2.0000000e+00  -5.8565410e-01   1.8747566e+00   5.5396015e-01   1.0496343e+00   5.3970147e-01   2.2772638e-01
   2.0000000e+00   7.3278696e-01   1.1170505e+00   1.1887501e+00  -1.3302520e+00  -6.6943587e-01  -1.5941584e+00
   2.0000000e+00  -6.9796227e-01   2.3948007e-01  -9.2357720e-01  -1.1411134e+00   1.2102264e+00  -1.7347195e+00
   2.0000000e+00   1.6019928e+00  -1.4657825e+00   1.6514119e+00  -4.6513611e-02   1.3224508e-01  -5.8981510e-02
   2.0000000e+00   1.3683764e+00  -1.7691863e-01   2.4857746e-01   4.9191862e-01   1.0521044e+00  -1.0289326e+00
   2.0000000e+00  -2.6564511e-01  -9.9339689e-01   7.4780782e-01  -7.4258469e-01   3.1575871e-01   4.6309702e-01
   2.0000000e+00   6.7747622e-02  -9.7717662e-01   1.2145320e+00  -1.3504878e+00  -5.2269503e-01  -9.1227303e-01
   2.0000000e+00   1.1338696e+00  -1.5851377e+00   2.2097159e-02  -3.5462433e-01  -2.4985479e-01  -5.0603570e-01
   2.0000000e+00  -6.4097869e-01  -4.4652292e-02   3.4622249e-02  -4.0282823e-01  -5.5020247e-01   5.7204573e-01
   1.0000000e+00  -1.7933681e+00   3.0948537e-01  -1.3396915e+00   1.1172273e+00   7.5403883e-01  -1.6608644e-01
   2.0000000e+00   4.4680642e-01   1.6904619e+00   6.7266225e-01  -1.1881209e+00   6.3162619e-01   1.6450427e-01
   2.0000000e+00  -7.4626881e-01  -2.5084014e+00  -6.8007032e-01  -1.1717877e+00   1.7863847e+00  -1.2211278e+00
   1.0000000e+00  -5.2283619e-01  -4.1169887e-01   1.7241031e-01   1.5098259e+00   7.7952265e-02   2.0235987e+00
   1.0000000e+00   8.2044459e-01   3.5920909e-01   6.4630543e-01   4.4821162e-02   3.7755962e-01  -3.5923928e-01
   1.0000000e+00   2.4082248e+00   8.8783661e-01   8.2043733e-01   1.7171815e+00   2.5835050e-01   7.7242046e-01
   1.0000000e+00   6.4044274e-02  -1.6536908e-01  -1.4660355e+00   6.1179903e-01   4.3486108e-01  -3.7999348e-01
   2.0000000e+00   7.3669602e-01   1.4116534e+00  -7.8247914e-01  -1.0790711e+00  -5.6720683e-01   4.7469517e-01
   2.0000000e+00  -2.1672105e-01   3.1238027e-01   5.2471517e-01   2.7070304e-01  -4.3191046e-02  -1.9644096e+00
   2.0000000e+00   1.3848076e+00   2.2890326e+00   7.2097449e-01  -1.1606082e+00   4.2624528e-01  -1.1788918e+00
   2.0000000e+00  -1.0161664e+00   1.0424097e+00  -6.7360164e-01  -3.8501680e-01   1.4720871e+00   2.7755010e-01
   2.0000000e+00  -7.1328698e-03  -1.2032391e+00   1.3173836e+00  -1.4049775e+00  -1.5165108e+00  -1.4888927e+00
   2.0000000e+00   4.2076503e-01   6.7786263e-01   1.7288817e+00  -2.3724155e+00   1.5760344e+00  -1.8994889e-01
   2.0000000e+00  -8.5834303e-01   4.8261560e-01  -2.1242135e-01   4.8840283e-01  -1.7187720e-01   1.8197118e+00
   2.0000000e+00   5.7230167e-01   1.5809523e+00   9.2356997e-01   7.5061561e-01   2.5211557e-01  -1.0017424e-02
   1.0000000e+00   8.3127938e-02   6.0023594e-02   3.3310196e-01  -5.5025737e-02   3.7164812e-01   4.9227378e-02
   2.0000000e+00  -2.6047856e-02  -6.6239226e-01  -8.3771133e-01   1.0025977e+00   1.4661727e+00  -6.4233400e-01
   2.0000000e+00  -3.2415795e-01  -4.1587796e-01  -1.5833009e+00   1.1519100e+00  -4.1264036e-01   1.4036754e-01
   2.0000000e+00  -1.7083776e-01   5.2752881e-01  -2.9311954e-01  -4.5145470e-01  -1.3037494e+00  -1.0661609e+00
   1.0000000e+00   9.3597476e-01  -8.2177841e-01  -8.1198554e-01  -9.2809008e-02   4.9487182e-01   1.0686573e+00
   2.0000000e+00   1.7043669e-01   3.7711693e-01  -1.0169729e+00   1.1053146e+00  -1.2759729e-01   4.5094594e-02
   2.0000000e+00   1.2190598e+00  -1.3623433e+00  -7.7839543e-01  -1.7043393e+00   2.9536595e-01   1.7758887e-01
   2.0000000e+00   1.0251846e+00  -1.2237081e+00  -3.5498864e-01   1.5490227e-01  -1.0093672e+00   5.0293458e-01
   2.0000000e+00   2.0306943e-01   1.4100249e+00   6.5383369e-01  -1.2867344e-01  -2.0737613e+00   1.2074720e+00
   2.0000000e+00   3.1356464e-01   2.9650957e-01  -3.1692949e-01  -4.9524369e-01   1.2850427e+00  -1.0401122e+00
   2.0000000e+00  -2.1698734e+00   7.9057582e-01   3.7262005e-01   1.9504608e-01  -5.0961619e-01   1.3433627e+00
   2.0000000e+00  -1.7917381e+00  -1.1728914e+00   1.3276337e-02   2.2160019e-01  -9.4089634e-02  -1.4408243e+00
   1.0000000e+00   2.7723669e+00   7.2057859e-01   4.3258934e-01  -1.3060153e+00   1.4464016e-01   1.8226008e+00
   2.0000000e+00  -2.0205318e-01  -1.0952398e+00  -9.9440133e-01  -1.8671946e-01  -4.6276227e-02   1.6114494e+00
   2.0000000e+00  -6.3525935e-01  -1.0214440e+00   3.2262243e-01   1.2684724e+00   1.1295422e+00   4.1044807e-01
   2.0000000e+00  -7.2322156e-01   9.4390440e-01   3.2123237e-01  -8.1302557e-02   1.1444596e+00  -1.3400354e+00
   2.0000000e+00  -2.4479048e-01  -4.8754517e-02  -1.0601673e+00   8.1729463e-01  -1.8718453e+00   1.4002985e+00
   2.0000000e+00  -1.7253536e-01   8.8681371e-02   2.4177279e+00   1.6274685e-01  -8.1763577e-01  -1.5683921e+00
   1.0000000e+00  -1.9181858e+00   5.3880995e-01  -7.8938778e-01  -4.1983358e-01   1.5178475e-01   1.6052475e+00
   1.0000000e+00   2.3818536e-01   7.2583025e-01   9.1452405e-01   1.0995188e+00   1.7064836e-01  -1.8592822e-01
   2.0000000e+00  -6.1417627e-01  -3.3698159e-01   1.1829827e-01  -3.7423954e-01  -1.4720717e+00   3.5804126e-01
   2.0000000e+00   6.0496149e-01   3.3828294e-01   1.1784386e+00  -4.9199769e-02  -8.7157510e-01  -2.2102338e+00
   2.0000000e+00   3.4240447e-01  -2.3295255e-01   2.7482594e-01   6.4723644e-01   1.0142036e+00  -4.2005108e-02
   2.0000000e+00   3.1575599e-01  -8.3504440e-01  -3.6771877e-01  -2.5554156e+00   1.3819505e-01   2.0940641e-01
   1.0000000e+00   1.6012323e+00   1.9652091e-01  -5.6662628e-02  -1.6850244e+00   2.6672118e-01   7.2614868e-02
   2.0000000e+00  -4.1244192e-01  -1.3587231e+00   6.1655354e-01  -1.2569152e+00   9.2653420e-01   1.5578227e+00
   2.0000000e+00  -1.1863742e+00  -8.5493500e-01   1.4271949e+00  -2.1858525e-01  -2.1102764e-01   1.9473401e+00
   2.0000000e+00   1.3800674e+00  -5.7516531e-01  -2.9559287e-01  -3.4948810e-01  -3.9966113e-01   2.8868690e-02
   2.0000000e+00  -1.5250267e+00  -2.0243430e+00   8.4772315e-01  -8.5414453e-02  -3.9718232e-01  -4.7842521e-01
   1.0000000e+00   8.2259345e-01  -1.3317660e-01  -3.7899392e-01   9.4576907e-02   4.9705973e-01  -3.9562036e-01
   2.0000000e+00   1.3269170e-01  -3.8128105e-01   5.8185927e-01   1.7241712e-01   1.2447134e+00   3.4303495e-01
   2.0000000e+00   2.9325442e-01   1.1418689e+00   1.5290588e-01   1.5590802e-01   7.4339316e-01   4.8816613e-01
   2.0000000e+00  -3.3772612e-01  -1.4096421e+00   3.0203077e-01   4.8666520e-01  -1.0807764e+00   7.9049149e-01
   2.0000000e+00  -1.7313559e-02   1.6688050e+00   4.2150114e-01   4.7210228e-03   2.1101309e+00  -3.3230435e-01
   2.0000000e+00  -4.6155518e-01   1.4253836e+00   3.6074767e-01  -9.2427506e-02  -4.6838231e-01   3.6432372e-01
   2.0000000e+00  -3.4527983e-02  -4.8723641e-01   5.6787390e-01   5.9516556e-01   2.7501287e+00   5.1108742e-01
   2.0000000e+00  -8.4427881e-01  -2.1911986e+00   8.4967271e-01   3.0297446e-01   1.4573364e+00  -2.7261343e-02
   2.0000000e+00   9.2704062e-03  -3.0127609e-01   6.3235380e-01  -8.4046653e-01  -7.5150731e-01   5.7274161e-01
   2.0000000e+00   2.2030559e+00   6.3179282e-01  -2.2803268e+00   7.3427283e-01  -1.1293003e+00   1.9344606e-01
   1.0000000e+00   5.1408228e-01  -9.2672852e-01  -8.3234036e-01   3.1451522e-01   2.6405531e-01  -7.8927605e-01
   2.0000000e+00  -4.7162192e-01  -6.9707495e-01  -1.8733154e-01   3.2814065e-01   1.6038280e+00   9.3418173e-01
   1.0000000e+00  -3.0105399e-01   4.5907840e-01  -4.4241424e-01   5.5604073e-01   8.1727290e-01   5.7907874e-01
   2.0000000e+00  -6.3072776e-01  -7.0552781e-02   4.2847329e-02   5.0720951e-01  -8.2817495e-01  -8.2439583e-01
   2.0000000e+00  -3.6452674e-01   1.5423109e-02   2.0542219e-01  -2.0843518e-01  -1.0682844e+00   1.2582839e-01
   2.0000000e+00   5.7356804e-01   1.3792156e+00  -3.7169398e-01   1.0872753e+00  -7.7275329e-01  -8.4255954e-02
   2.0000000e+00  -7.0865529e-01   5.4517854e-02  -4.5380035e-01   6.8087702e-01  -4.9350064e-01  -8.4077188e-01
   2.0000000e+00   1.2358357e+00  -2.7211180e-01  -2.0568484e-01   4.2141271e-01  -3.4413012e-01  -6.8464843e-01
   2.0000000e+00   1.4510264e-01  -1.0228146e+00   3.8539937e-01   3.2849048e-02   1.4998954e+00  -9.2810945e-02
   2.0000000e+00   1.4759158e+00   2.0157098e+00  -5.6164264e-01   8.4651449e-01  -4.9732688e-01  -8.6235026e-01
   2.0000000e+00  -9.0211120e-01  -3.1088222e-01  -1.0158092e+00  -1.8126166e+00   1.0119889e+00   2.6861310e-01
   2.0000000e+00  -2.4534659e-01   1.6960462e-01   6.9119301e-01  -4.6313365e-02  -3.1892831e-01  -3.7802227e-01
   2.0000000e+00   6.4225197e-01  -1.4581163e+00  -1.1903538e+00  -2.0616669e+00  -1.4951588e-01  -2.1780166e+00
   2.0000000e+00   3.3341094e-01   2.0658089e+00   3.0864920e-02   2.9174964e-01   2.5872768e+00  -2.1196851e-01
   1.0000000e+00  -1.7782286e+00  -3.9356909e-02  -8.2496617e-01   9.8565907e-01   7.3365447e-01  -3.2573774e-01
   1.0000000e+00   4.0907638e-01  -3.8658630e-02   2.6961012e-01  -3.6577173e-01   3.6836693e-01   2.3660157e+00
   2.0000000e+00  -5.5115665e-01   1.1211549e-01   7.8028077e-01  -4.0540800e-01  -1.3980743e+00   3.1158155e-01
   1.0000000e+00  -1.1658283e-01  -5.6513672e-01   1.1858993e+00   1.2772184e+00   6.9030364e-01  -6.2713270e-01
   2.0000000e+00   6.4181658e-01  -2.9929357e-01   2.8421451e-01  -6.5232982e-01  -2.2659190e+00  -1.0477694e+00
   2.0000000e+00   1.2225539e+00  -6.0097890e-02   5.3458316e-01   2.9397196e-02  -3.1787959e-02   1.6228290e+00
   2.0000000e+00   9.6955750e-01   7.4196315e-01  -1.5240747e+00   1.5956251e+00  -6.2966964e-01   1.1042207e+00
   2.0000000e+00  -2.0921806e-01  -1.3732649e+00  -6.0375655e-01   3.1119230e-01  -4.1154857e-01   1.6603070e-02
   1.0000000e+00  -1.0606280e+00   8.6829560e-02   8.6925956e-02   9.7403638e-01   9.4913877e-01   1.0185833e+00
   2.0000000e+00  -2.4422473e-01   7.0884448e-01  -1.6713350e-01   7.9421156e-01   9.0420579e-01  -1.8264962e-01
   2.0000000e+00   4.9428627e-02   1.3975301e+00   1.8053762e+00   5.9844383e-02   2.0073889e-01  -9.5419822e-01
   1.0000000e+00   1.7355877e+00  -4.5092161e-02   5.6535884e-01  -1.0830335e-01   4.9216691e-01  -1.9574367e-01
   2.0000000e+00  -1.3250866e+00  -5.5048089e-01  -9.8085610e-01   4.8023931e-01   1.2269710e+00   3.5569869e-01
   2.0000000e+00  -5.7325309e-01  -1.5393774e-01   2.3850518e-01  -1.0232243e+00  -1.1221474e+00  -2.8293499e-01
   2.0000000e+00   1.8611504e-01  -5.9429856e-01  -1.1907370e+00   1.1235147e-01   9.3936546e-01   5.8134510e-01
   2.0000000e+00   3.6633633e-01  -3.8019803e-01   9.5203253e-01   1.0866747e+00   1.3786399e+00  -2.4702183e-01
   2.0000000e+00   1.7431244e-01   2.3654559e+00   4.8711241e-01   9.6093458e-01  -5.2897305e-01   4.7889176e-01
   2.0000000e+00  -1.9391400e+00  -1.9578780e+00  -1.0859922e+00   3.3038067e-01   1.1316455e+00   3.1991245e-01
   2.0000000e+00  -2.7264909e-01   2.1368389e+00  -4.8996589e-01   1.4712947e-01   3.4156474e-01   2.6467731e-02
   2.0000000e+00   6.7812919e-01  -3.8530616e-01   1.9667804e+00  -1.4116564e+00   1.0037865e+00   1.5602792e-01
   2.0000000e+00  -6.3070822e-01  -1.8014031e+00  -1.0546595e+00  -2.8083398e-01   9.9437949e-02  -1.5426731e+00
   1.0000000e+00  -1.3872284e+00  -8.8583510e-02   1.9559264e+00   1.7390227e+00   2.2902798e-01   1.2065529e+00
   2.0000000e+00   2.0474699e+00  -3.8631896e-01  -2.7481181e-01   3.6606683e-01  -5.2007502e-01  -7.9253156e-01
   1.0000000e+00  -3.4520765e-01   6.8691741e-01  -2.0878260e-01  -1.1096054e+00   4.1993247e-01   2.3986843e-01
   1.0000000e+00   4.3730044e-01  -5.3976696e-01   5.3592171e-01  -1.3568224e+00   2.9098333e-01   1.4424803e+00
   2.0000000e+00  -4.7648020e-01   2.6135438e-01   3.8226498e-01   2.2115233e-01  -1.4464309e+00   3.9706539e-01
   2.0000000e+00   1.0117988e-01  -8.4954895e-01  -1.9243382e-01   8.2921484e-01  -7.8526710e-02   5.2726683e-01
   2.0000000e+00   1.7369183e+00   4.7315286e-01   1.4640518e+00   8.6085395e-01  -9.9730548e-01  -1.5542374e-01
   2.0000000e+00  -1.0588182e-02   1.5798075e+00   1.8554714e+00  -2.7168501e-01   4.8473060e-01   7.7067085e-02
   2.0000000e+00  -8.4215456e-01  -1.4417447e+00  -2.8899192e-01  -5.9920229e-01  -9.4478974e-01   1.3618045e-01
   2.0000000e+00   1.1261720e+00   9.5592400e-01   1.0018499e-01   5.7946210e-01  -7.6861626e-01   2.4688588e-01
   2.0000000e+00   5.2911993e-01  -1.2708820e+00   7.6107560e-01  -5.5867194e-01   3.0091015e-02   9.8165807e-01
   2.0000000e+00  -1.2887112e+00   1.6192419e-01  -6.3011623e-02   1.3973647e+00  -3.5811700e+00  -3.0248183e-02
   2.0000000e+00   3.6117427e-01  -1.4216599e+00  -8.0539494e-01   5.9026450e-01   1.0505081e-01   1.9246556e+00
   2.0000000e+00   4.5413117e-01  -1.8182334e+00   2.7189390e-01   1.6824009e+00  -9.9861135e-01  -3.8618877e-01
   1.0000000e+00  -4.7473797e-01  -2.3254879e-02  -1.1283212e+00   1.0389939e+00   6.9407180e-02  -1.4617566e+00
   2.0000000e+00   5.2389253e-01  -1.0793712e+00  -1.5191479e-01  -8.7609297e-02   6.3453550e-01   1.1651915e-02
   2.0000000e+00  -1.1361226e+00   4.0401311e-01   3.0338801e-01   4.1209979e-01  -4.0362342e-01   5.3861372e-01
   2.0000000e+00   6.1439224e-02   8.4036654e-01   1.2188801e+00  -1.2295599e+00   7.0079472e-01   1.7269920e+00
   2.0000000e+00  -8.3019983e-01  -1.8455051e-01   2.0136287e+00   2.8075491e-01   1.7398061e+00  -1.4348238e+00
   2.0000000e+00  -1.4468955e-01  -1.9301395e+00   4.2776011e-01  -2.9131991e-01  -6.9021665e-01   8.1054202e-01
   2.0000000e+00  -4.8489692e-01   4.5295407e-01   1.9758499e+00  -2.9506326e-01  -6.1976040e-01  -6.7979486e-01
   2.0000000e+00   1.4408448e+00   6.5262105e-01  -1.7320920e-01   1.3099969e+00  -2.0907673e-02  -8.6857140e-01
   2.0000000e+00  -1.4349168e+00  -6.5080620e-01  -3.2023950e-01  -2.8716604e+00  -6.3150724e-01   1.6981011e+00
   2.0000000e+00  -3.1114986e-01  -1.3294170e+00   5.3578785e-01   2.5033081e-01  -5.1423803e-02   1.3430111e+00
   1.0000000e+00   8.9498340e-01   3.0701809e-01  -8.3426377e-01  -4.1103950e-01   5.7293800e-01   1.7935854e+00
   1.0000000e+00  -1.5148865e+00  -5.1256374e-01  -2.8489882e-01   3.6090082e-01   6.4131183e-01  -7.4271144e-01
   2.0000000e+00  -2.0656864e-01  -1.2836130e+00  -7.7019458e-02  -6.3689262e-01  -3.1227112e-02   1.8876590e-01
   2.0000000e+00   7.7855882e-01  -7.3999649e-02   6.6359563e-01  -1.2992310e+00  -2.7900073e-02   5.1801822e-01
   1.0000000e+00  -1.4364425e+00  -1.9066606e-01   4.0382073e-01   1.2715220e+00   1.6374749e-01  -3.9586099e-01
   2.0000000e+00   1.8688115e+00   6.4506041e-02   1.0431426e+00  -1.2226847e-01  -4.5657933e-01  -1.4800921e-01
   2.0000000e+00   9.7979844e-01   8.2758998e-01   3.6477347e-01   4.3702383e-01   7.1936593e-01  -7.7197088e-01
   2.0000000e+00  -6.7117151e-01  -6.6416034e-01   1.0154290e-01   6.8300888e-01  -6.6545893e-01   5.9662938e-01
   2.0000000e+00  -1.8777883e-01  -1.6345688e+00  -3.9861993e-01  -3.7905532e-01  -5.8944614e-01  -3.3629166e-01
   2.0000000e+00   3.5188659e-01  -1.3940567e+00  -3.6690016e-01  -3.4498910e-01  -1.7175360e-01  -7.8529789e-02
   1.0000000e+00  -6.8932632e-01   5.5864428e-01   7.7552717e-01  -1.3140986e-01   2.9586693e-01   1.7820412e+00
   2.0000000e+00  -8.4396529e-02  -4.8693739e-01  -4.2064540e-01   1.5938546e-01   9.7214027e-01   1.2195116e-01
   2.0000000e+00   6.4941781e-01  -1.1736274e+00   1.0961645e+00   1.4637318e-01   2.3773120e+00   1.2927043e+00
   2.0000000e+00  -8.6232092e-01  -1.7546439e-01  -3.7666300e-01   6.9668862e-01  -4.7337467e-01  -2.6157583e-01
   2.0000000e+00   8.2093273e-01   1.5407231e+00   3.1347048e-01  -4.2640718e-01   9.5860343e-01   1.0546329e-01
   2.0000000e+00   6.9939213e-01   1.3030691e+00   2.1111255e-02   1.5497158e-01   4.2389690e-01  -8.2697221e-01
   2.0000000e+00   9.4790876e-01  -1.1096238e+00   5.5750734e-01  -7.3956024e-01  -9.0265895e-01  -1.2139335e-01
   2.0000000e+00  -8.8452591e-01  -2.0401092e-01  -1.5000402e+00  -7.6674904e-02  -1.4712329e+00  -4.2466918e-01
   1.0000000e+00   8.2362521e-01  -3.1637541e-01   2.8864049e-01  -8.5441168e-01   1.1963382e-01   4.2353018e-01
   2.0000000e+00  -8.6776632e-01  -2.3241648e+00   1.1905714e+00   1.2249377e+00  -9.7253757e-01  -5.5262157e-01
   2.0000000e+00   1.0113204e+00   2.2351556e-01  -5.4729211e-01   7.8314336e-01  -1.1075410e+00   1.5828311e+00
   2.0000000e+00   1.6803749e+00   1.1174257e+00  -5.1149199e-01  -8.3934317e-01   1.6323863e-01  -7.5285578e-02
   2.0000000e+00   1.7531739e-01  -8.8378654e-01  -7.4960804e-03   7.0779744e-01   1.6024027e+00   2.0228311e+00
   2.0000000e+00   6.1359913e-01   1.4759743e+00   4.6161655e-01  -2.4695893e+00  -2.2875560e-01  -1.7983306e+00
   2.0000000e+00  -1.8498883e+00   8.4401410e-01   4.5654776e-01  -8.4633341e-01  -5.1244003e-01   4.2081268e-01
   2.0000000e+00  -1.3645038e+00   6.6315023e-02  -1.4567647e+00  -2.0116981e+00   7.2004117e-01   1.5747967e-01
   2.0000000e+00  -1.5595016e-01  -8.9217026e-01  -3.5604417e-01   4.2521873e-01  -6.8220400e-01   7.1331754e-01
   2.0000000e+00   1.2355971e+00   1.4052613e+00   8.0360074e-01   6.8927407e-01  -1.8790777e-01   6.5286446e-01
   1.0000000e+00  -9.2022972e-01  -4.0384706e-01  -8.9298238e-01  -6.6288049e-01   2.5466337e-01  -2.5504265e+00
   2.0000000e+00  -1.8134580e-01  -8.1272392e-01  -3.8298611e-01  -3.0282153e-01  -1.7904487e+00   9.3058751e-01
   1.0000000e+00  -1.5051512e+00   5.5541312e-01   2.5851676e-01  -4.8235556e-01   4.5741864e-02  -1.6442363e+00
   2.0000000e+00  -5.5255304e-01   1.2318289e+00  -1.0223325e+00   8.5175093e-01   1.8678234e+00  -1.3556954e+00
   2.0000000e+00  -3.7047544e-01  -1.3673253e+00  -1.3490078e-01   1.5131604e+00   8.6155028e-01  -4.4819766e-01
   2.0000000e+00   1.3939098e+00   1.3830794e+00  -3.4964445e-01  -2.7565587e-01   9.6490649e-01  -6.4182828e-03
   2.0000000e+00   2.3672077e-01  -2.5699677e-01  -1.6626116e-01  -5.5462712e-01   1.9758323e+00   2.6092242e-01
   2.0000000e+00   1.5748796e+00  -3.4468870e-01   1.5644466e+00  -6.0158858e-01  -2.4185295e-01  -5.7891665e-01
   2.0000000e+00   9.9314010e-01   2.3466319e+00  -5.5069279e-01   6.9287207e-01  -1.0958152e+00  -8.7973713e-01
   2.0000000e+00  -1.1316883e-01  -2.7502878e-01  -2.7030301e-01   9.2527500e-01  -1.1521497e+00   3.6233697e-01
   2.0000000e+00   3.2014360e-02   5.0987693e-01  -3.6959522e-01   2.6825380e-01  -1.8948642e+00  -2.1068091e+00
   2.0000000e+00   2.8699269e-01  -7.6002317e-01   1.1397183e+00  -2.4793618e-01  -5.7566737e-01   5.6297706e-01
   2.0000000e+00   8.2763517e-01   8.7941657e-01  -6.3451793e-01   1.0098893e+00   1.0705968e+00  -1.2321374e+00
   2.0000000e+00   1.0565913e+00  -8.2667991e-01  -1.5890152e+00   1.2503815e+00  -2.2766462e+00   1.4045098e+00
   2.0000000e+00   1.1481703e+00   8.2162782e-02   5.2851830e-01   6.5034525e-01  -5.9731714e-01   1.4917480e+00
   2.0000000e+00   1.0706519e+00   5.4054249e-01   1.7120319e+00   7.9456040e-01   1.7558348e+00  -1.1226082e+00
   2.0000000e+00   5.2323378e-01  -2.3820971e-01  -2.7640872e-01   2.2553852e+00   1.7531673e+00  -1.1657223e+00
   2.0000000e+00  -6.0678090e-01   8.1020453e-01   1.2740141e+00   5.3862108e-01  -7.8768218e-01  -3.0372149e-01
   2.0000000e+00  -9.5586442e-02   4.1977981e-01  -1.0229816e+00  -4.3875443e-01  -9.8461350e-01   4.6691674e-01
   1.0000000e+00   3.8298587e-01   7.0095429e-01  -1.9955336e-02  -1.5840092e+00   4.5014454e-01   9.4735430e-01
   2.0000000e+00  -7.5234102e-01  -1.1722310e+00  -4.2778085e-01   6.7762771e-01   8.9288764e-01   5.4616450e-01
   2.0000000e+00  -8.9564899e-01   2.7821449e+00  -6.3183064e-01   8.3846772e-01   1.6103948e-01   4.6897344e-01
   2.0000000e+00   6.0239246e-02   1.1626271e+00  -1.4314906e+00  -3.7819272e-01  -2.4719231e-02   1.3183401e+00
   2.0000000e+00   1.6155703e-01  -9.1449983e-01   2.9046109e-01   5.7172320e-01  -1.6363336e+00   3.1342819e-01
   2.0000000e+00  -2.8795523e-01  -1.4344967e-01   2.3730139e+00  -4.5864627e-01  -7.5689293e-01   2.6069923e-01
   2.0000000e+00   4.5629765e-01  -4.3271378e-01  -2.0222394e+00  -5.5033489e-01  -1.5393758e+00  -1.1438623e+00
   2.0000000e+00  -9.3011531e-01   7.0416823e-01  -1.0695341e+00  -2.5292558e-03  -1.7682804e+00  -6.8551995e-01
   2.0000000e+00  -1.6264348e+00  -1.0000438e+00  -3.4102342e-01   4.0174039e-01  -5.8916975e-01  -6.1890392e-01
   2.0000000e+00   3.9186906e-01   1.2972820e+00   6.3462983e-01  -5.1889047e-01   1.6974555e-01   4.5011508e-01
   2.0000000e+00  -1.2537159e-01   9.8360030e-01   5.9410697e-01   1.4216992e+00  -4.7375051e-01   4.2145449e-01
   2.0000000e+00  -6.5586522e-01  -1.0921528e-01   5.7280225e-01   1.5108386e-01  -1.1596738e+00   1.0190359e+00
   2.0000000e+00   8.1181162e-01   1.9714769e-02  -1.3507565e+00  -1.1648911e+00   1.5781581e+00  -6.1981027e-01
   2.0000000e+00  -1.6495200e+00   8.8035535e-01   1.7753654e-01   6.3671945e-01   1.2426813e+00  -4.8774050e-01
   2.0000000e+00   4.0964878e-01   9.1947931e-01   7.7309958e-02  -7.3072780e-01  -7.3593832e-01   3.6660117e-01
   2.0000000e+00   2.2525264e+00   4.4286304e-01   4.8836070e-01  -1.9253676e-01   1.4474191e+00   8.2510322e-01
   2.0000000e+00   6.2968553e-01   1.1129946e-03  -8.8346767e-01   6.2381162e-01   1.7063428e+00  -5.7544927e-01
   2.0000000e+00  -1.7665194e+00  -4.3567062e-01  -3.8450413e-01  -1.1630093e+00  -1.2756574e+00  -4.4899546e-01
   2.0000000e+00   4.7186598e-01   4.3422118e-01  -1.3060362e+00  -1.3899368e+00  -1.2981270e+00  -6.5501820e-01
   2.0000000e+00   5.1854417e-01  -5.4625404e-01  -7.5979361e-01  -1.9240564e+00   1.5611551e+00   5.2384656e-01
   2.0000000e+00  -1.0708051e+00   8.5230234e-01  -1.0607585e+00   1.8896710e-01  -1.4673954e-02  -2.2884451e-01
   2.0000000e+00   1.0670243e+00   2.1098444e+00   1.0998885e+00  -5.8153638e-02  -5.8558038e-01   4.5540911e-01
   2.0000000e+00  -5.6945355e-01  -1.4244861e+00   6.9348337e-01  -1.6421203e-01   2.8707173e-01   9.2701374e-01
   2.0000000e+00  -5.8685289e-01   1.2433657e+00   5.6752737e-01  -1.9871770e+00  -2.2900166e-01   2.8382077e-02
   2.0000000e+00   2.3697951e-01   1.5546025e+00   1.2257433e+00  -1.5783697e-01  -8.3199610e-01   6.8023332e-01
   2.0000000e+00   8.2489814e-01   1.5365647e-01  -6.4536382e-02   9.2657751e-01  -5.9963387e-01   8.8398844e-01
   2.0000000e+00  -7.7626532e-01  -8.0982237e-02  -3.2771614e-01  -1.2599318e-01   1.3432594e+00   4.7162772e-01
   2.0000000e+00  -8.3564702e-01   4.2715437e-01   1.1590693e+00   3.0299669e-01   1.0602398e+00  -1.8718668e+00
   2.0000000e+00  -5.6628020e-01   4.1072128e-01  -9.8570858e-01  -9.7507976e-01  -2.8530632e-01  -1.9004579e-01
   2.0000000e+00  -4.2245185e-01  -1.0112697e+00  -9.1712612e-01   1.6570910e+00   6.1662436e-03   5.7652439e-01
   2.0000000e+00   2.4157317e-01   1.2196155e+00  -1.0665291e-01  -6.3260735e-01  -2.2043108e+00  -7.7943418e-01
   1.0000000e+00  -3.7745834e-01  -4.6692598e-02  -8.4425087e-02   8.8586465e-01   4.8083374e-01   7.2571761e-01
   2.0000000e+00  -2.5379292e+00   1.8205196e+00   2.3131834e-01   2.9979968e-01  -1.0870188e+00  -1.7509829e-01
   2.0000000e+00  -4.6091981e-01  -1.0295749e+00   1.0989607e+00  -7.3620233e-01   5.7407985e-01   3.4538483e-03
   2.0000000e+00  -8.4042528e-02  -1.0425210e+00  -6.7786269e-01   1.9132814e-01   8.8032693e-01  -9.7027079e-01
   2.0000000e+00  -7.6019452e-01  -7.2257035e-01   5.5588235e-02   2.8687686e-01   7.3691996e-01  -3.8289890e-01
   1.0000000e+00   7.7390119e-01  -4.0502913e-01  -1.3964309e+00   7.9241841e-02   8.7522834e-01   5.5008116e-01
   1.0000000e+00  -6.0163678e-01   4.4623030e-01   3.8964935e-05  -4.4891606e-01   1.0671108e-01  -3.4029373e-01
   2.0000000e+00   1.5214139e+00  -2.2857611e+00   9.9434213e-01   1.0512175e+00  -1.2783287e+00  -8.7794745e-02
   2.0000000e+00   2.9481036e-01   2.0991755e-01   1.2005058e-01  -9.4720682e-01   1.4896400e+00  -1.4376217e-01
   2.0000000e+00   1.2801119e+00   4.9896923e-01  -2.6890185e-01   1.0223282e+00   9.3256893e-01  -9.6465780e-01
   2.0000000e+00   8.5433291e-01  -3.5035157e-01   3.9214343e-01  -2.1001208e+00   2.1658707e-01   5.4149458e-02
   2.0000000e+00   2.5258786e+00  -8.6550075e-01   1.6863175e+00   1.1941738e+00   1.8437474e+00  -9.0398159e-01
   2.0000000e+00   8.4245938e-01  -8.4372472e-01   9.4029502e-01   4.0109302e-01  -2.8696904e-01   1.7674939e-01
   2.0000000e+00  -1.0151384e-01   2.6710846e-01   4.8536599e-01  -1.2214184e+00   1.3035051e+00  -7.1445658e-02
   1.0000000e+00  -7.6455567e-01   1.0774387e-01  -2.9940171e+00  -3.1680598e-01   4.1484900e-01  -5.8004315e-01
   2.0000000e+00   4.9942500e-01  -1.4846678e+00   9.1592565e-01   1.6851218e+00  -3.5150878e-01  -9.6039733e-01
   2.0000000e+00   6.0428199e-01  -1.5654058e+00   3.2686603e-01  -2.6885026e+00  -3.4058984e-01  -6.2848712e-01
   2.0000000e+00  -3.8247975e-01  -8.5732850e-01  -1.9720818e+00  -1.4179746e+00   7.5958537e-01   8.4834531e-02
   2.0000000e+00   1.7227574e+00  -9.3723334e-01  -8.4989093e-01   5.8181428e-01  -4.9110518e-01  -3.9542974e-02
   2.0000000e+00   9.6526453e-01   1.9784546e+00   3.2411399e-01   6.7063957e-01   8.6194083e-01  -8.3923754e-01
   1.0000000e+00   1.1162512e+00  -2.0015330e-01   1.3421160e+00  -2.4995894e-01   3.0796603e-01  -2.0235952e+00
   2.0000000e+00  -1.5391097e+00   5.7382775e-01   1.3622533e+00  -9.8951307e-01   2.6781260e+00  -1.1552862e+00
   2.0000000e+00   4.7171787e-02   1.5072303e+00   9.5446395e-01  -1.2972713e+00  -8.6437362e-01   1.1154684e+00
   2.0000000e+00  -1.1301598e+00   1.1536485e+00   1.7773001e+00   2.1804444e+00   2.5606927e-01   8.1050383e-01
   2.0000000e+00   1.9317521e+00   4.2005166e-01  -6.9177119e-01   1.0617261e+00  -9.4615323e-01  -4.5892608e-01
   2.0000000e+00   2.1368575e-01   2.6483079e+00   2.3078157e-01   4.5625165e-01   5.0128597e-01  -1.9211295e-01
   2.0000000e+00  -7.0003780e-01   1.4123141e+00  -2.3473911e-01  -6.6039653e-02  -2.2366652e+00  -4.1970519e-01
   1.0000000e+00   7.7626445e-01   2.3613692e-01  -7.3694128e-01  -1.3823023e+00   3.2122632e-01   5.9273039e-01
   2.0000000e+00  -1.0105913e+00   1.9807361e+00  -1.7202528e+00   1.0931141e+00   6.8316805e-01  -2.0392513e-01
   2.0000000e+00   2.9630708e-01  -4.2194118e-01  -1.6277559e+00   4.1270774e-02  -8.4072000e-01   5.4451123e-01
